210797041.564
10326952599.434
269.596
296.740
49591.087
14.054
192827146654.314
884.886
4675251.782
45474630833967.805
57714.927
90.823
210835166.487
59832114791.267
52099.904
20163.216
3110668778.213
49754.558
2.422
3520683.193
3932179.942
1817956857.237
56756.930
1186.958
3520595.258
214355922.625
207372043.207
54024.918
3140580.379
13.807
193227358.461
69763.454
159848642.906
18762477.699
1080.888
50372.737
50281.945
18006785.811
274689807214.754
357425.299
214721456.275
167975056432.432
13774.942
4323246.569
3059794.266
9273158579897.266
12667297226.678
152579266369216064.000
1138890.923
925589.995
12647203877.355
50169404.873
770275903789.480
856.280
53119.705
54907.408
3235794.739
52204.526
3286965.175
51274.104
856.047
54849.021
190224788.408
3068278.771
13.554
14617831.274
3122391.208
45834388843.292
196814104.032
357651.247
3066251.760
187540353632563904.000
79989.381
17907014.346
193184976.828
5244476530.924
1427441.804
1080301.527
48840.869
17544.283
841.657
190293820.037
1153547.141
657.912
48638290283724.562
1095769.245
45557977693098.742
11592022098376179712.000
203964035.512
18241065.072
207776073.719
1170039418.946
49456.616
30727.960
3457770.352
3756.765
70317714.752
1041733.415
16569.562
189704559.788
23125.501
3516490.800
17540.533
71516184.117
54022.276
88268560.414
191194456.617
745466817968.598
47840973856628.008
12195128825964367872.000
200272959.917
221399899.840
410561.508
49456.127
3234879.802
67779191.059
3347463.651
301427.726
13981.583
52129.456
193257677.092
56754.532
16201089959705660358656.000
13098148306.298
295158.032
11184.468
12734232018.674
1.704
52129.084
1035.063
0.247
7714751959603773440.000
189996804.993
244837599747.465
3122135.397
55899.629
25447615.040
12961.511
6507101961605069.000
207826445.080
3289758.134
14880.942
6457.502
49351.263
4204345.467
18290712.892
218583817.715
200444235.580
114281624156411.250
1192372.237
10458764.783
67916230.115
729445723321.000
11876889179712.492
80781725.172
3.875
190468835.050
12001712067.055
63686101.893
729227395183.582
204084058.405
194715911.294
1153426.558
24558907.483
865838.068
55764.908
18633.418
1039.146
53016.748
214363170.870
196808163.913
214356669.674
207605671.824
209052776.949
32717943.367
55854.065
297053.522
49820326.616
3578309.742
246956823007.728
56815.540
1619918698968087.000
11819031832305.291
12100739962.896
3042732630.764
17779657.533
17203125.648
38083.977
199974782606678144.000
49520.076
55882.407
796.226
2465199159.828
824011581414.032
448874.632
211178621.641
7568988968468.829
10923.337
18290918.343
52115.391
16004770795113.102
211184086.905
209.068
50165680.094
200443351.887
796402.366
16016415981244.324
107266.225
3933.393
193227003.115
14.983
3782401276.340
72052982351926080.000
2809986271091117.500
14922382743337429314306048.000
69641.895
3888.852
216235870.982
12104.968
51643.506
1031935.936
18618.229
295295.146
189706453.066
17735579.235
200335331.043
3521627.710
94854471.041
214356720.731
52218.595
1374413801.860
50400.387
203969660.966
1027148.164
53016.771
55869.029
1023513.685
3012438260970258.000
5617.476
189661561.904
11092611.184
57676.349
11786893576.284
46078854.630
26091.266
374.230
67779245.871
91108878.518
57589.429
1423922.887
32718044.206
45437954.848
3349609.530
3068188.249
12902.183
203964031.267
360.842
194314791.665
221407198.878
217999452.167
162.820
200619347.977
50402.289
1256.254
54966.274
208137089.902
52100.396
3347816.612
4027664321326586830992179200.000
201521944.309
60820462.464
189705367.669
3229413.536
1080419.477
22966.798
177748.921
12104.953
3122149.771
55882.880
193917161.439
51272.752
51321.156
796270.841
18411703.920
53074.919
204177098.023
39943409.361
57685.124
3349664.598
53149.262
194.956
12874790301.361
77270.247
51633494868208173056.000
63464472.525
163.793
13.588
473070.380
50283706.946
190234244.063
68218181.233
811777543705.753
11763234651.848
3254178.701
1.035
3079347.243
297062.314
46081556.320
221708120.702
13788.559
54065.399
57720.243
16196481010.250
64235584.425
35285019.126
2057.497
1027281.884
4082040744931798024192.000
8545.309
51470.273
42772429.011
53135.577
32213936.334
50297.921
42324687.206
18601.850
3571941.119
49340.877
342822544739.092
25454873.511
16570.546
14.057
3933580271.701
18521698.507
50282.899
49754.614
3071930.732
180.931
54231.367
54051.598
1487979.204
793154934535.049
28583365.128
1136999.270
13.334
3250659.818
55823.794
191194368.867
3406093.188
69284469585.260
78.484
3295342.908
798.137
49366751.734
13967.282
193462442.967
811709.234
25481815425018764.000
214658421.637
203850419.379
840.208
18429.913
692673.470
218397716.820
1383570.551
37999.653
191194310.986
826.491
3235800.237
3178077.828
51191.436
3173563.260
1141078390.037
81865854.662
3289849.491
1444004.120
200277511.267
57685.116
32898566.726
221740717.068
1803749998.891
3271601133611382.500
4028662365180624726835331072.000
190054386.452
195170458.300
56105.015
3349268.195
219839163.304
77543599.538
59370169.512
51214.988
4027664048751298028601606144.000
200384272.963
769838642865.840
71468675.068
194719470.711
16899667889439171936256.000
14321963.976
625456039305094.750
1112904501.705
19133.898
3522485.199
14039.680
4155000.346
259648723072.835
204099815.973
207832873.005
56798.571
103986402.777
891100732.184
842.243
211231906.792
16569.113
1414522.444
221640223.460
3766522.423
21362592.791
1125.177
18415.620
51186.504
826.494
11836937327.722
207452798.313
12230617015.528
3120487380310931.500
49454.486
316453558304.551
53913768.231
71637085.244
52116.392
6.255
757192669862.334
3461991.840
189768624.702
758298256796.668
150057123397590253568.000
16850.356
56697.008
4.813
3288826.779
178913.119
1093085.752
1149014837807121.500
46975688.103
286825.657
769838654825.924
32734654.960
13.112
77358906225593472.000
2084.689
11174.554
3.863
2.218
2.664
4396375621820452864.000
191032151.662
1529075.962
295039.409
13.327
22164371.533
3080117.061
17333.439
67990916.645
980.297
6122046290771.464
211028095.690
418688.488
67994641.190
214418022.455
18134125.628
9.889
719505486720581369856.000
215859499.315
195009217.461
22557173.732
53400676.615
200384274.877
183949973309114464.000
22979.883
3287939.742
54937.913
52957088.369
3406140.674
53065461.180
38161.016
52188.562
335333.494
4.294
32540.307
49663.550
69080.617
24046.670
19612.570
215627720.388
46305034.571
214819290.589
1.208
57685.363
14930247.580
68118227.666
3.676
11145898.216
802.520
49367.946
21394.917
2217.423
3063561.982
200270227.006
3960.296
234342890267.394
193283949.376
1212.929
1039.422
795903450837957.375
2825.676
54908.833
190048066.458
218224672.840
14132.108
812214513642.326
0.250
12871556725.975
67600868.303
18347496.938
10795133994971926528.000
49694.971
770089877761.119
207548872.776
6489.761
51512.480
6003088935952.241
3287881.785
3290644.960
50269.099
3116564.965
3231998.668
53690898.162
210.517
15.003
54065.629
54005.813
22980.132
27329586.505
53060.363
752191.600
3352024.906
3294427.218
200384079.660
49440.644
18246884.286
53105.190
55766.099
4147498.059
81861986.410
54951.975
1123.290
193235455.186
695567.200
11984411961.723
211207300.583
42252912396228938956800.000
192.400
12206716308.488
1.980
114519.484
86103825564.991
3346916.200
272678048480946257920.000
196920844.519
50274.424
204140857.454
42945844.126
826.517
871.085
200503369.990
191321595.264
193196224.433
10982986.297
3081281.054
3572818.229
3230391.433
68936.116
8485.208
49367.231
860353.867
196817531.919
51259.102
50282.661
3173367.196
51260.067
204084059.359
49756.998
57656.775
17632577741298.801
282.927
51292.057
3682.195
13337558347.770
11981569173.899
50326.512
14147961.907
41906313.935
48693094045168.070
196924540.429
3119342.443
13052.307
13530092965.828
260314585846.865
50401.593
2380612285.749
4198863.254
49381.442
221367086.219
221684362.465
4166754449.967
4325360.814
16773574930026294.000
55763.841
49739.582
6.275
13170.464
1081.568
18300807.736
12.862
3061659.461
51934344662834.281
214819302.931
53620471.242
202973692.082
1113179440.217
54006.770
15469.128
852832700819.889
207767873.352
3993722.171
75403.914
3298357.993
96220564.128
49342.064
16774.032
49435908165442.805
1203962.319
3072121.346
769871438430.512
55311002252.852
809082.842
50567926.765
3121204.496
17705.661
312870605965651214336.000
3116564.031
56021.931
686376.857
289080485.542
52189.511
742762441353.970
167261073.281
341709549635.828
266.725
197268028.948
204321620.521
50338993.192
3579225.606
3946.565
11200.729
1163273617.114
374.491
3797.800
179.532
915.387
13.442
976.442
49351.582
163.809
3071929.540
49439.925
212323980.276
3295342.881
189782432.324
55930.592
809230.586
64845003614960484352.000
74473534.999
3173364938524803.500
214358477.027
632888082191769.875
17909792.758
214607798.306
167.088
211240016.551
8263.344
3174477.009
71298130.602
54878.112
52232.891
67719908.123
214819301.982
163.290
57716.591
65316040670963448.000
796252.968
207385213.720
207712274.333
49490.789
756329671344.403
884.881
220257376.530
71516373.107
7344636.703
13048.052
190164349.991
1080316.308
16565.960
50361.364
775.997
7381.054
408.385
1813432434960342784.000
50492.001
194791133.280
3082184.507
18701138.523
9516.765
11589098.019
52129.015
14598773.082
11308.733
221420221.215
205067355.966
203792727.927
1095771.383
3521600.119
1330893108.031
204132613.230
4820.681
810.934
200388392.869
55897.184
3708730.255
4437869563.247
221462197.603
12423806643.491
24254629.666
166407256268.662
814544.423
56634475.132
3463870.196
125400003.637
49351.513
346522.513
18347496.938
39597139.817
193251946.269
13072001576.340
13.815
214648903.178
13322795826.518
3400566.862
203203503400602912.000
812446612935.741
13864.789
200560729.746
49470.435
46066462522674.703
3199947.091
71516421.960
77.277
78340366.053
1102329.996
14971.062
196760807.242
32327786.393
3520711.562
12202273697.946
57716.341
4202326972.127
67991040.599
84578317.808
64417895.416
17632.989
803.472
46813563.574
731897791310.399
14825.263
1093069.527
736256624249226.625
1288.424
12135.016
1269805.162
2297331.450
11987258299.627
52129.062
54384765334.361
54006.785
2.650
17437.338
53106.359
207372088.966
103800251.207
55763.837
769846594934.880
285.314
3084801.166
3117884.850
57700.854
3291650.708
359.176
214715900.566
3579227.048
211354487.611
4671675.708
49598800.691
194255066.211
10214.754
866088.750
17498.830
3519766.122
189705358.702
854071.202
28927.885
1089548.201
190071221.723
4434230289.212
281.954
221111.978
37260.544
765.747
46944844479836.414
55870.769
49845.421
12423814979.251
1140620.429
85391135.237
93.048
47733376600543.781
52117.149
34819820.410
40988.005
1097796.755
39260903.330
49681.414
71634354713.348
211184088.807
3181039.197
1817788314.090
218392265.793
225426911317972000.000
3521911.364
3173854.497
826.994
57714.696
11419877.778
53855034.713
13290402283.025
4785126.239
53961336.340
3232002.000
203793662.016
198519578.274
1170039419.673
3117480.242
54837.809
17778.839
0.316
211297687.372
4187883307.297
189876728.372
338681812164.822
122745.359
3.172
272575292983253762048.000
190224799.978
215446267.947
18712.395
204084058.882
50267.403
59859.464
75034353.680
14952381.822
11661769.966
268164288.825
115566930.171
13101831102.555
52174.047
1943761672.919
16506.125
1433782.271
3591223.807
3067225.817
115358.144
1036224.903
3080263.617
52365.170
132790554.133
66979670.900
64415.107
916.102
48612555818723.820
3229576.340
207825033.290
1028226.901
204084057.695
13849.737
3310982.708
3.152
51244.337
1096687.999
68008342.432
12423814847.179
49366.278
8515.464
272055117901693.375
12667297417.814
57674.673
54937.433
13050.699
17483.074
2.629
55823.548
214356660.219
54909.076
811.011
221808791.641
297.727
193194316.649
53346.217
41634.578
54384767314.216
1036283.579
1152510.402
1143698133597218.750
13.327
16018586094710.584
1038970.209
4417311440.964
231131.788
217903140.335
1002020293262.613
29266001.130
51154878399447.031
221692131.913
193455073.447
13.084
1047783805520092766142464.000
55796.157
126615369591719152.000
207719265.266
28361773.773
563435.960
177.563
11811555871.433
68154907.998
0.285
16566.506
3740.066
3028646174.480
70957433.151
50266.971
46520604.595
65164.370
752322.684
196922647.354
50282.411
46650384.740
3116745.229
203791814.243
2376002.099
193804278.743
13.815
4564532115.447
24119.275
1206917.590
50330272532660.766
1187.328
18401.609
193764212.017
18399.964
71455809.168
236544.131
1057587569957002.125
77032.622
49351.024
17530899849.075
13803.963
22156921.821
165994886812.562
203964032.955
68051445.046
57716.576
49606.144
3079141.803
18233931.870
13756524079.384
3457352.645
840.798
193226970.194
50755.259
864963.388
56800.235
25336.279
