1994693.094
89.734
440.397
277262425.948
1844.114
4.478
72416234.649
1964869682381.581
112841.869
37869.051
4505.655
120898.617
89.733
15.877
61843.695
63.655
324196.029
4331946.201
181.059
73638106254.483
577.372
107.538
173.531
778451544.626
4.316
47.081
280.224
2291097.517
71712442.734
5.223
168.843
17.634
162539.778
180.326
181500.809
30602.916
16525.524
0.534
27092.070
137.704
98976455.814
253.227
4245.835
268.400
6404.758
227.851
9074.904
4057177.562
3.519
234.064
127831.623
73.473
157111.767
154395.384
203141.636
52591.012
113447.394
117252.638
14275.035
0.194
0.340
11.466
152.375
80.079
186076.766
3731.312
216.230
42846.670
7975.744
205136.061
20.583
41930.194
7315.130
9285.110
2943949.925
182.414
4342.919
61.953
11735.626
2457087783.809
166879.781
318.226
0.257
268.475
21040472281.366
11.873
461.383
168.705
232.176
2124.273
13043.435
233.992
709427835612916.625
166215.130
97.152
359990.783
4387.939
166.369
15553.332
52933.728
586.327
4673.840
130.602
2342.625
0.695
122656.768
170.523
216.408
167.017
2.762
4970.199
2.361
147117.216
1710.790
66934663626.419
24613339782.193
14104043675638236.000
2851724384.334
157406.851
9.047
184.896
153083.844
9.387
24.261
4438.427
280.166
60562.740
296.368
149.769
7.550
0.792
140.339
611.610
8.254
1843.983
390357.912
169.525
216.438
4502.802
96.513
11955.032
21.376
112064.872
1659.115
1223831.375
153134.388
3.719
52360.271
5.758
231.389
1782.903
44664.189
947.719
289.513
158490.962
145127.955
170.670
184.576
155.064
5581.840
231.020
180.593
43665.248
3207021.734
4031.806
14377.283
181049.190
2218654663.106
6505.670
47136.721
4394.383
2050699.601
97129.912
2867.781
194545.304
53.218
86414180.896
8.754
5581.844
116988442.058
3044450404.055
5622.744
59.314
55.850
135299.207
302.307
70513259355.322
108449.687
13.282
173.559
4.317
50262333498.066
350.265
225.717
304.620
5622.804
143.364
12.710
167.156
7.220
235.546
555.421
162038.792
2996257.933
156942.633
238.182
287.758
68.363
115375.363
0.806
7593.193
121425.187
1424.215
145124.207
3806026.260
1891813.179
385987.339
146178.767
306.764
168.695
167.081
119424.317
152.239
0.373
1955241.372
53917.585
241.413
5886.484
30.669
20.134
143.559
37.968
65.173
9.739
83528.532
5888.957
1654.984
6.421
3162479.349
1299.405
21950.523
1095382.331
6394.856
4195.528
315.364
158510.287
3852.080
4385.629
16.127
0.056
145487.457
156276.346
115.782
166257.452
61700941.271
729593487.117
9055.256
60658.145
5.301
102580702.085
9224907.953
20.661
7431.879
143.272
11665.556
1402.603
32716.102
190360.999
4814799.572
39371186.089
68.884
25753.365
1782.918
216.317
5984.701
20958.182
6099.588
804413921.863
33713.894
5582.280
0.804
193229.467
234.246
15819.696
5745.359
9.486
184.710
62323.980
234.803
594399216.096
0.061
174.624
1181.987
6125.329
8.762
6128.164
940322082325.316
89528.989
6980.792
5573.687
4556.959
79.943
3778.971
0.687
83.671
192.415
102.020
1066223284.446
12408.296
127642.206
2886376.292
5128.629
98811910.294
9.025
2541.458
63.815
0.247
168.711
247.288
211886.357
3890.969
921214.965
255.019
153.117
102052.778
0.347
103056.221
0.267
112.447
6.211
193108.751
39290.910
66084427538177.125
156454.667
33785.241
2994.911
94022.382
325613.109
11688.101
3033222.640
1605.375
577.378
226.370
46355.466
5.046
148.225
7.940
65296.468
5625.589
18.551
0.274
89.771
60571.229
4033.296
14325.377
115398.933
798036114891.407
0.448
6.987
3476446.505
83.983
2078.379
231.026
3761.752
44226084.211
1.925
311.518
101238.719
306.426
161560.600
180.551
36520.523
1450.392
206370.951
104796.102
126103.468
4.246
6434.442
18.305
4689.759
105791851.520
70233.812
66858.952
168.757
156045.302
4386.667
0.230
306.013
121583.773
185.824
11.753
61843.733
4.157
100205.778
268.451
68.645
173.538
4122036.871
173.435
149.650
12468.744
45829.289
168.722
154054.743
216.502
158543.795
464.025
61763270.975
0.632
0.553
390315.763
0.456
43908.691
3.933
11157.310
170.693
5932.991
2966689.013
207081.976
220.677
71762125399.767
114039.972
0.361
161.376
139768.243
0.028
4012604.708
6128.075
246.816
230.098
1400079.765
220.880
22.130
173.367
5626.380
228.128
157454.641
853751446.303
6085.942
1358.469
120151.622
2.376
2829.629
285.844
0.751
94666551208.266
463.832
5418295.240
7804.472
5425104.996
8.810
553.617
2.631
5595.819
1225620.691
0.774
12523.698
114073.778
30063574.299
114236.427
8.779
33886.426
80633.937
8488.888
11532.177
4342.895
19.247
30293.270
75544.153
162402.974
91226.924
1654.848
1992412.323
2.456
173.432
0.585
155.171
4343.007
121729.281
44291.199
112603688.399
1472461.327
241.894
2701.222
107257.074
851420.321
11.553
6049.475
7664.042
620.353
17308789740.446
2828149.643
216.387
60.800
440.268
202772.755
0.154
2264753.050
7.220
2998532.374
1692.249
254573.005
5887.249
525.131
96725.923
125296.211
6.144
5.123
7867.810
119015.542
44141777.703
261.254
5342643311.412
2.446
125657.172
6.899
4.579
64.914
2544.633
112770.880
40789.769
58555.730
40.364
161163.486
155426.707
146290.519
639.193
214.533
92787.263
305.748
11756.330
4512.604
166678.853
167.037
156998.766
11.505
55.782
4434.280
4541.324
6.564
10214.350
4.409
41563.540
2712138206.938
0.610
137533198.843
1.354
1226.270
280.339
149355.810
6121.265
46527.277
2332.943
1299.061
637.959
1205255.096
53.564
218.598
2937650.918
6.259
39.832
76289747.668
25.714
2571607480.775
1402.824
0.453
6042.761
4581.269
8.327
48.224
18.376
46358.530
135.785
183.274
204283.070
179525.126
5.077
1.926
105569.866
142036.462
320.357
86.847
0.545
275.875
50118.496
2.754
143.109
6514.835
4512.447
0.077
76083.623
100783.388
169006.803
121927.253
35304.287
155.281
6111.401
50.132
0.352
14321.055
85.528
5.270
216.237
153017.752
32551.487
33821.405
256.448
215.949
102052.592
11.691
175387.798
8.393
4332069.121
6.496
86.464
102942.891
6128.369
133633.687
15870.158
1239746933241.806
204578.612
155.064
4.356
6.934
98883646.715
24587.480
8.778
42675.451
91967.992
98147.046
9528650.207
9.484
11.769
1767.820
6291.670
60660.314
302.314
15908.740
133389.029
2852931572.312
229.924
216.303
214.360
18396.811
60424630.938
25549946.740
182736.149
49549.114
8050.260
151241.062
66496.835
100199.399
238.498
110.936
24971708204.101
65.712
0.221
598.385
139020981.773
44596.652
0.271
34968122543659.781
197421.653
106966023.635
1905.984
127824.279
126283.591
68.713
14850693315.423
161030.831
256.506
54041.320
158690.190
6813.862
210425.663
41851.795
155.068
174101.174
0.664
173.558
81.627
4337732.927
216.230
232.649
1616.685
207368.750
111142.899
146363.498
15969.573
168.825
68.794
40938.258
154054.853
147.787
11.461
8352.203
152954.915
6131.137
2556911460.891
4960.137
31029298.637
35897.863
0.243
6243.497
302.735
5743.146
150503.417
47138.930
214.457
4012556.978
0.212
246.788
16.068
44.805
111.757
6053.258
0.590
253.965
187.180
117314.557
798.097
148.223
2.451
202933435.140
89385.493
0.915
11545.394
7125.391
3461.474
2570184885.570
114230.002
16.214
41510.410
41201.405
47024.081
117303224.550
112988.320
572.687
6107.548
230.078
13779.931
5629.375
64.314
107202260.663
1641024280174.756
302.652
14227.064
174828.481
67076305.327
41920.572
0.091
253.231
4347.303
2515.914
255.240
22.096
16706.147
204860.507
7479.157
57.440
4341.210
1169372790.110
0.143
268.577
20.734
164.215
86.162
216.223
21.051
263861602.343
162312.882
4.461
151902.354
4342.218
238.314
63.886
128871.828
4788.706
114148.536
147580.116
1288404.433
2786495580.449
5330856812.613
6092.966
4390.266
44890.392
216.215
24.177
306.265
115009.467
0.380
8.666
43181.368
143.248
1453.686
205651.758
61.763
87.581
36472.728
131.311
4815.259
44054.410
4.324
166619.200
457.074
133708.631
1811.729
6418.487
226.500
7.083
37703.325
117263.605
4488.749
6014.457
214.844
70.170
1189346.404
1409.029
133649.272
8.960
1307.758
6981.956
8.563
112819.774
0.027
2.620
173042.787
89.739
7788.951
3616.260
9.392
80843.528
3.715
5978.331
65.377
5630.035
8069.938
5088475.179
3566190511.686
166574.373
1715.258
41413.927
79.613
3802484.240
1774.758
133.202
9.633
240.314
231.020
17.323
191.382
41777.926
154333.014
36515.409
2.964
6406.396
143.124
159279.993
15.107
208872.292
4758.968
153014.924
5347561.963
8.405
124365.834
0.250
46137.001
228.252
5629.372
299.649
45755.756
13.735
102205197.623
0.611
106.630
11565.056
245.956
16.068
112915.792
226.274
1711.507
180.145
126771.465
88689.703
145406.929
742168949393124491264.000
177363.778
1659.768
8317856.985
2.448
186.977
234.068
6105.029
187.534
2996.485
7892.604
38692926762329.023
200245.615
2999367.381
5930.272
116.684
91384.471
1792.084
48.048
127.270
13846.856
2333.207
48253.572
3190474328.954
148.161
1620.193
29188040.247
377.888
0.460
123495.740
1586.646
140088471.260
9768.995
0.671
79192.743
7.120
1120190.660
3979398.052
635.814
2995.187
7964.691
4.459
15008.179
0.910
5750.759
176.403
338.891
65294.297
10.325
4342.723
5.971
156638.933
3.068
1.719
0.026
117119.092
88350.034
6024.415
3473.590
299.520
64.477
2342.556
29889.988
4513.578
79.676
44596.564
173100.582
6085.779
1802.028
65432.279
428.513
5126.648
101.141
173603.518
23.863
2.628
166210.305
1772.829
202370.021
206576.817
75.310
3612.671
146435.380
2537.075
0.815
392.860
5980.836
158493.157
2071.654
226.411
0.265
40519.692
11.631
220390936.966
3901.564
21969540.338
3297482.240
194397.865
147537.766
155622.949
36.164
317.407
214.650
1931.841
2.502
111.125
14853565472.769
29874811.580
180.145
0.458
4243070.891
7964.689
116991.247
2324070.026
5700.120
