0.142
88.023
89.025
0.777
16.029
0.121
0.078
0.981
101.022
10.372
7.468
20.023
9013.331
1.076
11.002
6.226
88.799
0.004
0.113
0.870
0.986
0.218
12.154
0.095
835.088
0.018
56.030
0.010
11.137
10.902
1.361
0.113
1.037
0.402
0.875
0.143
0.324
53657.929
0.007
432.522
0.818
0.872
0.458
4.592
3.103
0.104
0.781
90.299
0.006
109.024
0.293
0.046
3.719
0.159
0.011
76.028
0.262
17.028
81.023
0.068
66.977
95994.434
0.876
0.493
0.017
0.096
10.642
0.645
0.111
0.036
23.457
0.405
19.025
9.831
0.708
0.574
0.019
0.774
22.229
2.001
0.266
0.433
2.191
86.509
7.935
109.021
0.002
0.743
0.782
0.833
0.945
0.805
10.612
0.599
5.352
0.390
0.840
0.485
67.316
100.778
0.007
3.477
0.354
9.490
0.173
38.894
0.903
0.343
0.981
31.134
1.007
83047539.270
5.418
0.127
0.698
8.339
0.984
96.021
0.994
27.024
66.666
41.694
0.020
0.619
111.022
0.404
0.947
71.028
0.096
0.706
0.133
68.025
1082084.082
87.026
0.116
3.282
30.030
0.872
0.687
1.115
1.038
0.188
4.741
0.548
0.481
4.537
77.778
0.576
0.067
8.694
0.322
0.223
0.499
0.000
0.887
70.026
67.024
0.823
0.002
2.075
5454.545
0.790
0.012
11.841
61.323
3.091
0.650
3.717
0.765
0.597
107.341
108.981
0.015
0.739
357.989
0.778
5.029
0.360
0.175
10998.474
0.563
32.727
0.207
10.572
0.777
231.571
4.218
109.029
1.080
79.293
15.902
132.727
44.655
0.268
0.252
0.288
99.024
65.861
0.112
54.025
0.056
0.825
110.022
101.140
78.238
67.030
0.115
9.889
1.020
0.876
1005.205
0.607
0.777
0.010
59.022
51.131
57.022
77.023
0.982
0.045
42.417
80.024
0.889
30.023
48.027
31.024
9.633
40063.724
0.216
0.303
47.023
629.384
0.008
60.024
81.132
0.456
9.522
0.202
0.811
0.010
0.007
0.994
0.062
0.103
0.898
0.523
31.022
11.023
109.023
1.476
1.036
0.794
6.317
8.971
0.101
432.142
6.929
0.503
0.884
27.024
0.001
88.028
0.181
7.656
0.010
1.030
43.076
97.025
23.823
0.012
10409.041
0.002
0.784
0.865
0.510
0.977
1.097
68.847
433.062
18.028
5.249
0.865
1.625
0.054
12.531
0.666
6.415
0.085
0.005
30516.205
78.022
0.122
64996.948
0.093
0.864
1.087
0.768
0.230
3.351
68.022
0.710
8.432
0.977
1.103
22.225
2.084
0.002
0.009
37.030
0.968
99.028
100.470
777.617
0.304
0.669
0.006
101.231
0.673
0.031
0.079
41.135
0.078
1.068
0.674
30.029
27.027
2.587
0.880
30.022
90601.400
6.802
111.027
0.985
0.008
0.032
1.007
0.310
10.365
0.828
0.661
7360.918
0.388
77.025
0.356
6.583
0.445
104.915
0.471
0.721
0.035
0.206
36.633
612.879
27.023
80.026
107.241
85.928
51.132
6.434
9.832
0.409
12.137
5.740
1.081
11.001
74.527
85.649
10.716
3.185
0.307
0.980
0.219
4.473
80.022
1.057
7.770
0.452
0.781
0.963
0.063
0.884
51.229
41.719
0.230
0.225
1.073
48.022
20.837
8.678
3.247
1.072
1.090
0.406
68.587
0.001
21.025
9.937
0.174
0.994
40.030
9.928
0.270
0.567
21.140
2.003
0.115
0.009
26.022
0.605
10.459
54234.296
0.885
3.577
0.972
1.009
0.005
3.273
23.763
95.380
0.189
51.134
0.778
53.305
27.028
0.005
0.605
0.763
108.022
8.569
61.946
0.486
0.114
0.953
1.016
8.629
0.771
0.807
1.055
2.140
0.412
61.836
0.876
110.022
0.323
14.141
0.617
43.333
12.794
645.646
4.415
94.669
0.102
39.023
0.235
13.023
71.139
92.137
0.161
1.101
84.288
59.407
34198.992
823.600
8.687
90.028
0.184
0.662
9.377
0.799
6.060
1.110
7.492
0.780
56.027
107.101
50.029
2.828
0.220
0.487
0.064
80.022
39.022
10.953
23.617
89.028
0.265
2.342
0.032
1.119
2.919
30.022
31.923
0.010
0.117
0.187
0.496
0.734
0.229
0.004
0.243
11.741
0.102
731.095
100.707
0.831
0.447
0.007
0.510
21.024
0.583
0.864
0.214
0.463
9.029
107.030
37.025
1.092
32.579
87.024
0.012
0.112
0.603
0.009
0.525
81.277
0.468
0.612
30.797
8.039
12.211
2.870
0.111
0.018
0.031
36.024
1.107
90.977
0.283
0.212
128.737
48075.552
86.023
0.960
20.028
86.021
0.583
0.694
108.024
0.572
107.027
4.005
2.667
21.131
0.003
0.860
0.010
49.030
41.026
17.023
0.889
0.203
4.094
98.028
69.027
0.778
0.026
39.959
110.028
48.024
0.444
0.827
1.028
0.188
1.112
0.873
105.030
0.110
0.357
56.194
7.096
0.011
110421.599
0.289
0.007
0.005
0.680
0.504
1.102
0.011
0.007
8.028
8.002
0.223
0.464
0.080
18.432
0.896
0.095
23.344
50.026
9.322
48.515
0.739
0.004
0.004
101.023
8.174
0.353
0.624
9.537
59.030
0.004
60.022
0.078
31.134
0.947
0.510
0.563
1.975
0.242
42.914
3.668
0.897
34.473
8.565
0.222
0.444
10.383
0.402
12.129
0.002
0.538
68.030
12.154
0.422
0.752
1.038
0.561
0.011
9.782
41.022
1.420
1.067
0.222
0.690
91.136
0.008
0.806
57.029
0.004
0.048
100.021
21.137
12.727
107.025
1.697
0.532
2.883
9.588
0.621
97.450
0.370
0.807
1.026
67.023
109.025
0.417
77.118
0.618
4.628
0.161
8.641
51.025
0.004
0.885
7.107
7.015
96534.941
2.142
5.255
0.412
25068.655
0.005
7.200
0.517
40.173
0.880
0.213
0.653
27.027
10198.765
111.026
0.180
0.067
0.793
10.947
0.169
8.935
5.464
0.474
0.343
0.504
0.532
5.802
963.468
104.290
0.092
0.396
10.474
0.086
0.898
0.216
29.024
0.823
0.422
39.025
109362.612
75.091
51.023
1.056
31.132
0.795
0.949
4.167
53.495
0.690
22.132
22.136
3692.088
9.466
3.361
0.813
25.318
0.329
16.023
8.172
78.028
8.237
0.118
0.004
41.027
0.008
0.584
5.937
38.027
0.134
0.915
29.026
7.720
4.000
0.543
871.948
0.072
8.833
0.890
0.005
0.777
0.481
40.023
100.760
0.062
36.985
1.452
0.003
0.097
67.024
0.362
1.109
1.092
26.243
0.061
0.008
0.993
0.844
0.218
0.285
0.410
0.706
43.396
0.197
0.919
0.007
107.024
0.581
0.109
1.100
0.692
0.635
46397.134
20282.129
0.011
27.023
49.024
0.118
7.415
0.056
0.164
0.129
47.029
95.028
11.093
31.022
0.577
3.741
98.021
0.900
0.169
101.025
0.648
0.588
71.138
0.364
6.162
67.026
0.590
0.005
0.326
0.387
0.245
8.668
0.636
1.012
0.482
1.498
1.100
0.007
9.436
0.004
0.166
0.415
2.316
0.834
20.024
0.297
0.991
5525.355
1.810
61.133
91.119
0.565
52.830
0.634
69.029
10.768
0.293
0.079
0.002
91.028
106.026
3.380
427.088
2.323
0.113
10.023
225.542
30.022
9.999
0.117
7.031
20.022
10.029
72.597
90.022
0.609
0.275
66.446
0.007
0.256
29.022
0.578
0.889
0.209
0.279
0.022
0.211
0.612
1.054
1.006
8.895
0.921
6.424
0.330
0.795
12130.238
1.093
17.026
0.019
20.026
8.103
0.653
78.448
4277.743
0.956
0.100
51.320
0.516
41.137
78.513
0.083
2.426
1.113
0.192
0.535
90.025
62.024
1.017
38.023
2.213
6.678
99.530
0.999
0.777
0.213
100.022
8.210
0.216
0.961
100.028
10.225
0.001
1.006
0.396
4.890
0.016
0.010
0.285
0.285
11133.333
0.577
0.517
10.240
0.967
83.315
0.980
0.213
1.063
11.443
0.123
0.663
0.277
97.350
81.220
32.325
0.814
0.020
1074.690
0.157
0.723
0.323
1.569
2.223
18962.990
0.823
81.132
0.606
92.944
99.339
37.025
0.399
0.006
0.590
11.213
40.028
89.025
1.011
0.606
13.459
9.154
105.315
0.232
0.720
0.506
15.264
0.109
0.821
0.321
0.388
0.974
0.242
0.636
10787.953
48.022
30.025
6.030
59.750
44.566
0.266
18.027
50.026
46214.993
0.998
9988776655.443
0.921
9.774
0.947
0.010
0.041
1.108
0.097
0.007
