001130
17021967
03041977
062666
05081940
347900
10866
031078
07011998
7340629
5427536
16121980
9999122097
080569
9101989
5544115
86778677
1552
365100
461957
110578 
490701
45424010
05048
054679327
01170
20091944
8348
27062000
7111979
1310520
569100
521629
151192
628367
182230
196212
87771864524
9575
563114123
050707
465067
441743
1660843
2081991
07039
360076
81978197
1044
01031979
131281
78053
1987062
840840
7189
02071946
071151
19071950
30121996
80175
68556855
89232338848
160567
171283
17850
66258
2311359
062435
533000
10252
66554321
112492
19041970
7300278
140795
091364
49770
782366
77771111
3210980
012551
234123
9120801
93579357
8653286
17101979
1631
051236
130176
110227
138338
210496
1840059
240884
3821424
180972
197827
525373
19150265
45566698
5945
0255632
562342
6468738
220260
87728772
080297
555132
708968
13032002
561698
75395182463917
1507034
744510
524685
7438227
071378
30101948
199288
21031951
44445555
85038503
92880
907705
15111999
251392
343638
06071995
44448
210595
018120
27041965
279079279079
23051957
101500
6521712
21091981
310167
051675
1983000
200729
382770
3920363
015634
636963
9595243
80666666
210564
20755
5613857
351112
427111
728783
131
072677
19051985
08031955
911217
9380
1473690
3434343434
170976
64110
37003700
19811205
7559791
761935
4685062
353456
101684
22692269
68796879
03040
423826
422878642
751766
1937193
633942
260460
1542637889
666154
12161612
220690
6350649
005566
770064021
2796013
07081979
157869
28718186
97409740
520616120
96044533
260751
695041
270771
16031978
14894745
774000
19241924
36844
199317
30011989
10092009
21762176
12091955
767300
7777778
890909
252567
445390498
170694
180666
7339
22111974
26102004
03111954
31121956
161178
90733
19750313
12231986
199777
24121981
04061963
03031991
8341258
89031625982
774401
160291
31121953
069272815
3596
12031984
10112007
975443
9140148
072190
911007
5468
2536
042388
55115
25029
280787
711214
08011991
0812199
12021979
0415630
565429
220386
6606025
9200687
57109
012130123
2547185
160293
974277
29031951
2620
08071967
041070
4215456
0609
108819
27546913
02041958
66811721
45500
1010397929
5421
050376
200457
051993
465568
112689
37753775
753159123
15071960
5867314
220457
1693150
23134
24102410
554455
3034035
06047
9583
89639050491
17111966
121110
89273858835
11128
121357
112679
190756
008811
9210422
07011965
230995
1231237
090668
150299
28041111
5782790
9531
2708
01091952
140758
06171978
53985398
777505666
837291
001855
2764
19891109
186165
66202
29086
23042003
10076
559659
210365
18081981
24061951
2495741
090967
19111981
80988209497
3221965
20061999
100478
0717
87012
933698
112991
4924529
221717
362055
0666089426
041772
10041956
082542
3022745
339333
03240839
082063
013016
09142
012590
55222552
341867105
02121951
11051986
21692169
61661847
03112004
5903235
3470278
848792
08062010
6978264
113079
3939889
14361436
35473547
4344069
5993702
122691
012968
198701
2571633
15111986
180649
2568566
117043
779966
284158
85225
655277
19871104
19970603
445811
000411
291269
05011963
00652790
2936657
1106312
221169
012979
922592
74757475
098
11041990
4255288
454260
232388
18091982
1886188
441951
270654
29092001
9041980
727300
2657
14111941
180494
7647439
12358132134
881477
1175642
198068
135798
5414
4261612
88125621
62486248
082870
09032004
051766
91249124
11071951
0834
070494
051256
19701969
3167547
38053805
082573
644200
753248
300509
8528157
123066
180696
123449
2019201
742103
19942705
923567
11011989
080212
19792030
010605
22222223
10038610
435435435
7004033
55385538
09119
12021972
554321
16021910
15082006
18262018
011050
281099
71377137
46369284
89608878032
289884217
5575757
26071987
020370
290155
2545628
210886
2429494
082999
7860836
250966
13061944
89598959
09081983
2586171
989801
100673
03035
21111986
26111972
7632489
19850521
25071977
322451
1231321
26402
3587000
5628081
25011981
18021802
5109
089500
117570
111583
623326
489711
3613
243231
36003600
15609
618389916
03369598
338917
633633
7465
061993
14031990
221274
832357
252301
196153
2808197
20091959
17041952
691189
66186412
24031957
81210
125000
141294
6967
317314
68956107
180753
150105
54658691
1777296
01100110
8578571
353000
12760
86102
19421942
225599
86956897
122271
258001
313626710
80504446963
11021947
180948
19071980
22101947
907174
030385
05031969
180164
30061959
1643982
1555551
09102001
4912
473947
2068
28091973
01051992
16021950
147777
757190
5423892
12071968
18061975
197666
78941
97574882
03071989
26031963
963333
151617
197619
020770
1990000
311267
03091939
20689
976542
67628054
6484895
9449
80978401399
136771
9506
5963
100965
190393
952199
4269
1326
2407196
6021986
450211
070353
26096
23702370
871587
10048
12233221
15051983
9811128
04730473
198726
8913
2823
01021998
2423607
242242
589215
6455248
29091974
8552
04011984
15276
16032002
747538
041993
143254
2793680
012131
08130813
3817552
150687
63326332
2083547
401111
424233
2681729
301192
19871010
2930
198624
21091965
19924010
781113
111146
212729
247944
33300
7290768
15011992
1929030
170659
412111
110975
31052008
5917
290596
25081954
6982
90073
21101988
13062001
15061610
02041959
1185850
312124
2732771
5437748
555905
33683368
794852
249596
001519
23121955
26041979
220603
17270066
080705
2686153
261050
4010357
14041993
0913
245377
4206995
9414095
89103832458
4601301
1334414
230103
80634575931
7593
7229806
840604
88916092
451967
604101
931245
05061951
1234567809
24051999
031960
52855
020286
7935389
121850
7753287
4472534
090363
231232
936293
196024
1801964
951753258
71397139
18508
240582
5892639
74747
270787
227401
24031971
173217
649013
25041972
89210515289
89897936
13121993
140549
27112002
198386
243838
4465503
83248324
268875
07112011
13052011
1346790852
6744538
2769422
239107
60170241
878712
03121940
5770607
08071966
4545217
403700
2692
27061992
0986
060374
2395284
06061962
359220
110408
15051971
8068066
3568882
004134
155638067
18016
7812277
225877
8193
646566
052073
26021982
46984698
16805
11147852
3601430
2722
09268
12031955
270152
200899
071189
31513151
13105
2146
221288
733337
701701
210471
211992
160595
60548223
030680
250808
7236
30031959
241074
65289
671989
205085
825325
89032068253
80971017190
6299
20021951
09031973
310700
2053036
13154
172350
199710
18081953
04071938
7171899
27111991
280664
5499262
10101968
050987
480850
09041998
159635
131774
12072006
545252
8111505
01051955
122974
4483
320512
210672
119331
9896557
200525
120109
220173
1966830
270989
5806
7135238
9133
442550
219303
7815021
270327
25231980
082681
201088
2414424144
9788960
17122005
00080008
220454
11091714
120325
22081975
3227569
020281
15186
0801
18071997
09051949
8219622
134679513
1981121
618100
1502198
010134411
04011981
7777888
970600
1959195
20111980
3108198
90958416
15111987
682894
182461
11443355
0265
100541
28011971
664664
757777
123890
140861
32501
033001
284005
121349
031598
0004877
821018
4392135
912912
220486
89272191010
231289
24051950
02080
19051980
7771996
231245
33763376
6661366613
110548
74198
19880204
092504
26062003
47510476
13127
3574131
4502000
137080
041424
16041987
07031905
590609
13021962
1022011
7776655
14881488
565788
290666
230201
02111988
5668907
091501
081058
01071988
0404119
3800
260598
190582
8819773
16740
6839
140471
794371
22222222000
041664
198504
8868219
220658
19930227
301968
012201
261259
11223300
245110
120255
050661
31883268
19580107
19931212
207207
31390
159875369
020640
198116
733212
5467540
2002111
80987815870
007117
02112007
080594
11133818
70672288
10041952
300882
4915
125874
03020100
31071982
12041977
998998
240594
55474320
6903408
05430249
891121
140906
125493
34525140
92389
632017
010012
772772
268268
625031
253525
1991486769
20111963
24041981
2609194
06193684
88645433
060551
20061960
20051983
89128830153
647688
1122334455667788
636908
1103668
256538
9919
35792
120799
12068
0975